      0/24        0G      6.48      80.8         0      87.3        18       512         0         0  0.000432         0      5.34      24.8         0
      1/24        0G      5.41      5.95         0      11.4        17       512         0         0  0.000623         0      5.15      2.44         0
      2/24        0G      4.74       2.7         0      7.44        17       512         0         0   0.00295         0      4.45      1.89         0
      3/24        0G      4.65      3.13         0      7.78        23       512         0         0    0.0117         0      4.37       2.1         0
      4/24        0G      4.02      3.57         0      7.59        20       512         1   0.00763    0.0528    0.0152         4      2.29         0
      5/24        0G         4      3.41         0      7.42        22       512         1   0.00763     0.251    0.0152      3.65      2.24         0
      6/24        0G      4.43      3.33         0      7.76        25       512         1   0.00763     0.302    0.0152      3.64      2.07         0
      7/24        0G      3.84      3.15         0         7        22       512         0         0     0.368         0      3.83      1.84         0
      8/24        0G      3.04       2.4         0      5.44        19       512         1    0.0101     0.557      0.02      3.99      1.53         0
      9/24        0G      3.83       2.5         0      6.34        19       512     0.787     0.141     0.483     0.239      3.39      1.34         0
     10/24        0G      3.65      2.51         0      6.16        25       512     0.753     0.441     0.572     0.556      3.19      1.17         0
     11/24        0G      2.39      1.98         0      4.37        20       512     0.656     0.627     0.619     0.642      3.25      1.04         0
     12/24        0G      2.89       1.7         0      4.59        14       512     0.531     0.695     0.608     0.602      3.19      1.04         0
     13/24        0G       2.8      1.52         0      4.32        18       512     0.613     0.718     0.664     0.661      3.07     0.969         0
     14/24        0G      3.09      1.34         0      4.43        19       512     0.662     0.756     0.745     0.706      2.73     0.875         0
     15/24        0G      2.08      1.25         0      3.33        17       512     0.668     0.751     0.754     0.707      2.62     0.833         0
     16/24        0G      2.49      1.45         0      3.94        20       512     0.716     0.756     0.764     0.735       2.6     0.777         0
     17/24        0G      1.86      1.28         0      3.14        23       512     0.736     0.756     0.782     0.746      2.51     0.698         0
     18/24        0G       2.8      1.25         0      4.05        21       512     0.796     0.756     0.806     0.776      2.47     0.665         0
     19/24        0G      2.57      1.16         0      3.73        22       512     0.804     0.748     0.795     0.775      2.39     0.663         0
     20/24        0G      2.37      1.15         0      3.52        22       512     0.832     0.763     0.833     0.796      2.46      0.65         0
     21/24        0G      2.05      1.12         0      3.17        18       512     0.823     0.743     0.823     0.781      2.27     0.643         0
     22/24        0G      2.08      1.16         0      3.24        20       512     0.794     0.766      0.84      0.78      2.21     0.624         0
     23/24        0G      3.13      1.23         0      4.36        24       512     0.815     0.775     0.838     0.794      2.17     0.614         0
     24/24        0G      2.25      1.06         0       3.3        22       512     0.813     0.796     0.837     0.805      2.13     0.606         0
